f	x	y
-170	10	5
-60.3255476140494	5.75000000000000	3.87069979252604
-33.1450294480813	4.24186130964877	3.28596622705714
-21.2498239449414	3.41323557344673	2.90623854675892
-14.8507910779697	2.88198997482320	2.63548709748544
-10.9802800569644	2.51072019787396	2.43131925829731
-8.45060722743475	2.23621319644985	2.27138391208301
-6.70274773067346	2.02494801576398	2.14256791874856
-5.44316466606328	1.85737932249714	2.03659117830154
-4.50492923259014	1.72130020584556	1.94793314632431
-3.78712516764476	1.60867697503081	1.87275462266983
-3.22570570663156	1.51399884583969	1.80829389467266
-2.77837890239568	1.43335620317390	1.75250837705788
-2.41627982589873	1.36389673061401	1.70385177324562
-2.11914823582008	1.30348973496654	1.66113005549205
-1.87241723786394	1.25051102907104	1.62340531065324
-1.66539207958694	1.20370059812444	1.58992973418770
-1.49007540133364	1.16206579613477	1.56009921609082
-1.34038891616095	1.12481391110143	1.53342000877285
-1.21164543161989	1.09130418819740	1.50948434023555
-1.10018310826940	1.06101305240690	1.48795227398456
-1.00310730848620	1.03350847470017	1.46853801377404
-0.918105284369569	1.00843079198801	1.45099942472741
-0.843311104595644	0.985478159878775	1.43512991753255
-0.777205822011436	0.964395382263884	1.42075209290112
-0.718542744199508	0.944965236713598	1.40771271385376
-0.666290838853886	0.927001668108610	1.39587869123465
-0.619591410399220	0.910344397137263	1.38513385062969
-0.577724605011590	0.894854611877283	1.37537630782360
-0.540083274981725	0.880411496751993	1.36651632248189
-0.506152410250722	0.866909414877450	1.35847453082100
-0.475492821631053	0.854255604621182	1.35118048098239
-0.447728100005787	0.842368284080405	1.34457141195395
-0.422534120741907	0.831175081580261	1.33859122978765
-0.399630541000388	0.820611728561713	1.33318964467368
-0.378773868917651	0.810620965036703	1.32832143995512
-0.359751781129674	0.801151618313762	1.32394584998104
-0.342378438143882	0.792157823785520	1.32002602822368
-0.326490602223663	0.783598362831923	1.31652859063535
-0.311944404434489	0.775436097776332	1.31342322202315
-0.298612639691040	0.767637487665469	1.31068233544570
-0.286382493498059	0.760172171673193	1.30828077641496
-0.275153623392558	0.753012609335742	1.30619556511574
-0.264836533200039	0.746133768750928	1.30440567101054
-0.255351190100263	0.739512855420927	1.30289181513510
-0.246625843899364	0.733129075668420	1.30163629615570
-0.238596015383165	0.726963429570936	1.30062283688640
-0.231203626605468	0.720998529186357	1.29983644848129
-0.224396250769051	0.715218438521220	1.29926330994390
-0.218126463235150	0.709608532251994	1.29889066095084
-0.212351278341874	0.704155370671115	1.29870670628208
-0.207031659273073	0.698846588712568	1.29870053039792
-0.202132090313556	0.693670797230742	1.29886202091022
-0.197620202546062	0.688617494972903	1.29918179987020
-0.193466445462589	0.683676989909251	1.29965116194334
-0.189643798134899	0.678840328772687	1.30026201866675
-0.186127514562119	0.674099233819314	1.30100684809147
-0.182894898623853	0.669446045955261	1.30187864920259
-0.179925104744463	0.664873673489665	1.30287090058827
-0.177198960941935	0.660375545871053	1.30397752289490
-0.174698811412068	0.655945571847505	1.30519284466357
-0.172408376201279	0.651578101562203	1.30651157119186
-0.170312625861693	0.647267892157171	1.30792875610805
-0.168397669270825	0.643010076510629	1.30943977538171
-0.166650653043589	0.638800134778858	1.31104030352665
-0.165059671173476	0.634633868452768	1.31272629178036
-0.163613683718529	0.630507376673432	1.31449394806824
-0.162302443500748	0.626417034580468	1.31633971858225
-0.161116429919034	0.622359473492950	1.31826027082245
-0.160046789088776	0.618331562744974	1.32025247796582
-0.159085279618724	0.614330393017754	1.32231340444171
-0.158224223420019	0.610353261027286	1.32444029260536
-0.157456461015158	0.606397655441786	1.32663055041254
-0.156775310878020	0.602461243916407	1.32888174000792
-0.156174532391006	0.598541861144456	1.33119156714881
-0.155648292053327	0.594637497834681	1.33355787139344
-0.155191132616219	0.590746290533348	1.33597861698993
-0.154797944857444	0.586866512217943	1.33845188440826
-0.154463941739388	0.582996563596507	1.34097586246299
-0.154184634723159	0.579134965053022	1.34354884097939
-0.153955812035741	0.575280349184943	1.34616920395997
-0.153773518708926	0.571431453884049	1.34883542321231
-0.153634038227911	0.567587115916326	1.35154605240269
-0.153533875644310	0.563746264960629	1.35429972150306
-0.153469742023255	0.559907918069521	1.35709513160178
-0.153438540107508	0.556071174518939	1.35993105005117
-0.153437351093190	0.552235211016252	1.36280630592703
-0.153463422422197	0.548399277238922	1.36571978577772
-0.153514156505587	0.544562691678367	1.36867042964184
-0.153587100300510	0.540724837765727	1.37165722731568
-0.153679935670603	0.536885160258215	1.37467921485279
-0.153790470466320	0.533043161866450	1.37773547127979
-0.153916630267601	0.529198400104792	1.38082511551349
-0.154056450736487	0.525350484348102	1.38394730346579
-0.154208070532064	0.521499073079690	1.38710122532383
-0.154369724744314	0.517643871316388	1.39028610299369
-0.154539738807311	0.513784628197780	1.39350118769718
-0.154716522855579	0.509921134727597	1.39674575771158
-0.154898566490568	0.506053221656208	1.40001911624347
-0.155084433926967	0.502180757493944	1.40332058942801
-0.155272759491096	0.498303646645770	1.40664952444597
-0.155462243445921	0.494421827658492	1.41000528775126
-0.155651648119274	0.490535271572344	1.41338726340217
-0.155839794313733	0.486643980369362	1.41679485149026
-0.156025557978355	0.482747985511519	1.42022746666103
-0.156207867123925	0.478847346562060	1.42368453672101
-0.156385698964864	0.474942149883962	1.42716550132638
-0.156558077272160	0.471032507409840	1.43066981074853
-0.156724069922871	0.467118555478036	1.43419692471207
-0.156882786632809	0.463200453729965	1.43774631130170
-0.157033376859981	0.459278384064144	1.44131744593377
-0.157175027867233	0.455352549642645	1.44490981038956
-0.157306962933386	0.451423173945964	1.44852289190671
-0.157428439702845	0.447490499872629	1.45215618232611
-0.157538748664379	0.443554788880058	1.45580917729122
-0.157637211750377	0.439616320163449	1.45948137549758
-0.157723181048441	0.435675389869689	1.46317227798974
-0.157796037617728	0.431732310343478	1.46688138750371
-0.157855190402907	0.427787409403035	1.47060820785265
-0.157900075239054	0.423841029642963	1.47435224335399
-0.157930153941208	0.419893527761986	1.47811299829606
-0.157944913472684	0.415945273913456	1.48188997644268
-0.157943865186607	0.411996651076639	1.48568268057407
-0.157926544135392	0.408048054446974	1.48949061206260
-0.157892508443274	0.404099890843589	1.49331327048215
-0.157841338737182	0.400152578132507	1.49715015324960
-0.157772637631552	0.396206544664077	1.50100075529744
-0.157686029262902	0.392262228723289	1.50486456877630
-0.157581158870193	0.388320077991716	1.50874108278641
-0.157457692417206	0.384380549019961	1.51262978313689
-0.157315316253373	0.380444106709531	1.51653015213213
-0.157153736809648	0.376511223803197	1.52044166838425
-0.156972680326186	0.372582380382956	1.52436380665089
-0.156771892608740	0.368658063374801	1.52829603769750
-0.156551138810850	0.364738766059582	1.53223782818350
-0.156310203239007	0.360824987589311	1.53618864057151
-0.156048889178124	0.356917232508336	1.54014793305902
-0.155767018734764	0.353016010278883	1.54411515953191
-0.155464432695687	0.349121834810514	1.54808976953912
-0.155140990399390	0.345235223993122	1.55207120828801
-0.154796569618421	0.341356699233137	1.55605891665970
-0.154431066450345	0.337486784992676	1.56005233124392
-0.154044395215358	0.333626008331418	1.56405088439290
-0.153636488358602	0.329774898451034	1.56805400429359
-0.153207296355362	0.325933986242069	1.57206111505787
-0.152756787617402	0.322103803833185	1.57607163683012
-0.152284948398782	0.318284884142750	1.58008498591179
-0.151791782699582	0.314477760432780	1.58410057490229
-0.151277312166060	0.310682965865291	1.58811781285580
-0.150741575985834	0.306901033061139	1.59213610545354
-0.150184630776768	0.303132493661493	1.59615485519086
-0.149606550468334	0.299377877892074	1.60017346157887
-0.149007426174288	0.295637714130366	1.60419132135979
-0.148387366055580	0.291912528476008	1.60820782873578
-0.147746495172520	0.288202844324619	1.61222237561067
-0.147084955325260	0.284509181945306	1.61623435184385
-0.146402904881783	0.280832058062174	1.62024314551616
-0.145700518592623	0.277171985440130	1.62424814320688
-0.144977987391646	0.273529472475314	1.62824873028144
-0.144235518182304	0.269905022790523	1.63224429118934
-0.143473333608827	0.266299134835966	1.63623420977154
-0.142691671811919	0.262712301495745	1.64021786957685
-0.141890786168611	0.259145009700447	1.64419465418677
-0.141070945015953	0.255597740046232	1.64816394754803
-0.140232431358376	0.252070966420833	1.65212513431238
-0.139375542558562	0.248565155636873	1.65607760018289
-0.138500590011784	0.245080767072909	1.66002073226620
-0.137607898803727	0.241618252322615	1.66395391943011
-0.136697807351886	0.238178054852522	1.66787655266576
-0.135770667030703	0.234760609668724	1.67178802545387
-0.134826841780677	0.231366342992957	1.67568773413430
-0.133866707701751	0.227995671948440	1.67957507827835
-0.132890652631351	0.224649004255896	1.68344946106304
-0.131899075707505	0.221326737940112	1.68731028964681
-0.130892386917545	0.218029261047425	1.69115697554588
-0.129871006632953	0.214756951374486	1.69498893501065
-0.128835365130963	0.211510176208662	1.69880558940147
-0.127785902103596	0.208289292080388	1.70260636556312
-0.126723066154844	0.205094644527798	1.70639069619730
-0.125647314286793	0.201926567873927	1.71015802023248
-0.124559111375486	0.198785385016757	1.71390778319054
-0.123458929637397	0.195671407232370	1.71763943754939
-0.122347248087421	0.192584933991435	1.72135244310110
-0.121224551989313	0.189526252789250	1.72504626730481
-0.120091332299535	0.186495638989517	1.72872038563385
-0.118948085105535	0.183493355682029	1.73237428191640
-0.117795311059438	0.180519653554390	1.73600744866921
-0.116633514808234	0.177574770777904	1.73961938742370
-0.115463204421483	0.174658932907699	1.74320960904394
-0.114284890817628	0.171772352797161	1.74677763403598
-0.113099087189981	0.168915230526721	1.75032299284791
-0.111906308433472	0.166087753346971	1.75384522616028
-0.110707070573232	0.163290095636134	1.75734388516635
-0.109501890196090	0.160522418871804	1.76081853184167
-0.108291283886055	0.157784871616901	1.76426873920263
-0.107075767664839	0.155077589519750	1.76769409155347
-0.105855856438448	0.152400695328129	1.77109418472154
-0.104632063450885	0.149754298917168	1.77446862628025
-0.103404899745947	0.147138497330896	1.77781703575950
-0.102174873638085	0.144553374837247	1.78113904484333
-0.100942490193290	0.141999002996295	1.78443429755438
-270	10	10
-47.7588613245069	3.25000000000000	7.22251712684721
-22.8487537598075	2.05602846688733	6.02851237301884
-13.3939756485098	1.48480962289214	5.26792952435272
-8.75269569842497	1.14996023167940	4.73067135683887
-6.13307849009149	0.931142839218773	4.32773559612041
-4.51450944050708	0.777815876966486	4.01313454624582
-3.44805263200180	0.664953140953809	3.76022689961718
-2.71054467093309	0.578751825153763	3.55233996038210
-2.18082294041189	0.510988208380436	3.37843276989945
-1.78853356958810	0.456467634870139	3.23086846382187
-1.49059599716146	0.411754295630437	3.10417803919772
-1.25946524094149	0.374489395701400	2.99433194410277
-1.07688539861001	0.343002764677863	2.89828975275787
-0.930383865536585	0.316080629712613	2.81371052666554
-0.811214260111173	0.292821033074198	2.73876023365560
-0.713102875774288	0.272540676571419	2.67198002042253
-0.631459475721408	0.254713104677062	2.61219387543001
-0.562866103438402	0.238926617784026	2.55844250306569
-0.504737583657973	0.224854965198066	2.50993506610735
-0.455090986327768	0.212236525606617	2.46601337200136
-0.412385942714168	0.200859250948423	2.42612489159919
-0.375412044580353	0.190549602380569	2.38980215486280
-0.343208149952551	0.181164301266060	2.35664682205655
-0.315003697895662	0.172584097517246	2.32631723108590
-0.290175452225034	0.164709005069854	2.29851856236510
-0.268215222325932	0.157454618764229	2.27299499775311
-0.248705500457898	0.150749238206080	2.24952341493514
-0.231300880128840	0.144531600694633	2.22790827583113
-0.215713745249372	0.138749078691412	2.20797745204710
-0.201703148374091	0.133356235060178	2.18957879195402
-0.189066094197806	0.128313656350825	2.17257727938083
-0.177630654102065	0.123587003995880	2.15685266774005
-0.167250486818514	0.119146237643328	2.14229749886073
-0.157800447739571	0.114964975472866	2.12881543513320
-0.149173047570573	0.111019964279376	2.11631984837253
-0.141275578419680	0.107290638090112	2.10473262023528
-0.134027767960359	0.103758748629620	2.09398311791121
-0.127359854094851	0.100408054430611	2.08400731577444
-0.121210996501927	0.0972240580782398	2.07474703916797
-0.115527959638792	0.0941937831656916	2.06614931085268
-0.110264015674172	0.0913055841747218	2.05816578413012
-0.105378026537243	0.0885489837828675	2.05075224944104
-0.100833672564878	0.0859145331194364	2.04386820349609
-0.0965988016999324	0.0833936913053145	2.03747647182452
-0.0926448782680757	0.0809787212628162	2.03154287711780
-0.0889465143634502	0.0786625993061143	2.02603594696764
-0.0854810700474880	0.0764389364470280	2.02092665560257
-0.0822283110950435	0.0743019096958408	2.01618819505852
-0.0791701150482224	0.0722462019184648	2.01179577190810
-0.0762902179687630	0.0702669490422592	2.00772642624731
-0.0735739955977389	0.0683596935930401	2.00395887011860
-0.0710082737012059	0.0665203437030967	2.00047334295214
-0.0685811632524988	0.0647451368605665	1.99725148194584
-0.0662819168155645	0.0630306077792540	1.99427620559174
-0.0641008030800108	0.0613735598588649	1.99153160879869
-0.0620289969819527	0.0597710397818647	1.98900286826768
-0.0600584832447187	0.0582203148573158	1.98667615695239
-0.0581819715055690	0.0567188527761979	1.98453856658740
-0.0563928214711901	0.0552643034885586	1.98257803739585
-0.0546849767758847	0.0538544829517789	1.98078329419901
-0.0530529064101139	0.0524873585323818	1.97914378824547
-0.0514915527499214	0.0511610358721289	1.97764964416052
-0.0499962853550816	0.0498737470533809	1.97629161148738
-0.0485628598198925	0.0486238399195039	1.97506102035397
-0.0471873810589343	0.0474097684240065	1.97394974085299
-0.0458662704937413	0.0462300838975332	1.97295014576971
-0.0445962366775796	0.0450834271351896	1.97205507633317
-0.0433742489563820	0.0439685212182502	1.97125781070232
-0.0421975138159855	0.0428841649943406	1.97055203493002
-0.0410634536105214	0.0418292271489410	1.96993181617556
-0.0399696874052586	0.0408026408086779	1.96939157796068
-0.0389140137003313	0.0398033986235465	1.96892607728556
-0.0378943948304124	0.0388305482810382	1.96853038344007
-0.0369089428601572	0.0378831884102779	1.96819985836256
-0.0359559068167361	0.0369604648387740	1.96793013841307
-0.0350336611194362	0.0360615671683556	1.96771711744130
-0.0341406950825736	0.0351857256403696	1.96755693104115
-0.0332756033821327	0.0343322082633053	1.96744594189421
-0.0324370773889437	0.0335003181787520	1.96738072611394
-0.0316238972820555	0.0326893912440284	1.96735806051041
-0.0308349248654776	0.0318987938119770	1.96737491070310
-0.0300690970198226	0.0311279206903401	1.96742842001569
-0.0293254197277371	0.0303761932648445	1.96751589909302
-0.0286029626184960	0.0296430577716511	1.96763481618547
-0.0279008539828554	0.0289279837061887	1.96778278805100
-0.0272182762143305	0.0282304623566173	1.96795757142938
-0.0265544616375426	0.0275500054512590	1.96815705504696
-0.0259086886882635	0.0268861439103204	1.96837925211412
-0.0252802784133180	0.0262384266931139	1.96862229328030
-0.0246685912616525	0.0256064197327809	1.96888442001480
-0.0240730241406783	0.0249897049512396	1.96916397838393
-0.0234930077145032	0.0243878793477226	1.96945941319745
-0.0229280039228961	0.0238005541548601	1.96976926249953
-0.0223775037018342	0.0232273540567877	1.97009215238128
-0.0218410248882702	0.0226679164642418	1.97042679209365
-0.0213181102933690	0.0221218908420350	1.97077196944133
-0.0208083259299064	0.0215889380847008	1.97112654643947
-0.0203112593808235	0.0210687299364532	1.97148945521661
-0.0198265182970990	0.0205609484519326	1.97185969414831
-0.0193537290141610	0.0200652854945051	1.97223632420717
-0.0188925352770098	0.0195814422691511	1.97261846551593
-0.0184425970650872	0.0191091288872258	1.97300529409122
-0.0180035895087061	0.0186480639605987	1.97339603876661
-0.0175752018895618	0.0181979742228810	1.97378997828406
-0.0171571367184861	0.0177585941756420	1.97418643854398
-0.0167491088841872	0.0173296657576798	1.97458479000453
-0.0163508448672474	0.0169109380355751	1.97498444522146
-0.0159620820141294	0.0165021669138939	1.97538485652043
-0.0155825678663836	0.0161031148635407	1.97578551379425
-0.0152120595406417	0.0157135506668811	1.97618594241792
-0.0148503231553520	0.0153332491783651	1.97658570127485
-0.0144971333005388	0.0149619910994813	1.97698438088807
-0.0141522725471747	0.0145995627669678	1.97738160165063
-0.0138155309930300	0.0142457559532884	1.97777701214961
-0.0134867058421179	0.0139003676784627	1.97817028757874
-0.0131656010150872	0.0135632000324097	1.97856112823478
-0.0128520267881250	0.0132340600070326	1.97894925809309
-0.0125457994581285	0.0129127593373294	1.97933442345813
-0.0122467410320837	0.0125991143508762	1.97971639168497
-0.0119546789387523	0.0122929458250741	1.98009494996790
-0.0116694457609194	0.0119940788516053	1.98046990419270
-0.0113908789865930	0.0117023427075823	1.98084107784912
-0.0111188207776730	0.0114175707329175	1.98120831100050
-0.0108531177547261	0.0111396002134757	1.98157145930745
-0.0105936207966076	0.0108682722696075	1.98193039310284
-0.0103401848537744	0.0106034317496923	1.98228499651544
-0.0100926687742197	0.0103449271283480	1.98263516663957
-0.00985093514104849	0.0100926104089925	1.98298081274862
-0.00961485012078726	0.00984633703046627	1.98332185554992
-0.00938428332159356	0.00960596577744659	1.98365822647903
-0.00915910766059678	0.00937135869440675	1.98398986703132
-0.00893919923966184	0.00914238100289183	1.98431672812907
-0.00872443722892316	0.00891890102190029	1.98463876952201
-0.00851470375748795	0.00870079009117721	1.98495595921999
-0.00830988381075489	0.00848792249724001	1.98526827295574
-0.00810986513383834	0.00828017540197114	1.98557569367653
-0.00791453814062826	0.00807742877362518	1.98587821106298
-0.00772379582805331	0.00787956532010947	1.98617582107391
-0.00753753369514890	0.00768647042440814	1.98646852551569
-0.00735564966656343	0.00749803208202942	1.98675633163500
-0.00717804402016534	0.00731414084036533	1.98703925173369
-0.00700461931844014	0.00713468973986120	1.98731730280477
-0.00683528034339194	0.00695957425690019	1.98759050618834
-0.00666993403468606	0.00678869224831540	1.98785888724647
-0.00650848943079123	0.00662194389744824	1.98812247505611
-0.00635085761289870	0.00645923166167846	1.98838130211915
-0.00619695165141371	0.00630046022135599	1.98863540408860
-0.00604668655483135	0.00614553643007065	1.98888481951029
-0.00589997922082392	0.00599436926619987	1.98912958957914
-0.00575674838938098	0.00584686978567927	1.98936975790931
-0.00561691459785609	0.00570295107594475	1.98960537031754
-0.00548040013778632	0.00556252821099834	1.98983647461899
-0.00534712901336127	0.00542551820755369	1.99006312043495
-0.00521702690142872	0.00529183998221965	1.99028535901182
-0.00509002111293297	0.00516141430968394	1.99050324305072
-0.00496604055569077	0.00503416378186061	1.99071682654732
-0.00484501569841730	0.00491001276796834	1.99092616464116
-0.00472687853592207	0.00478888737550791	1.99113131347424
-0.00461156255540106	0.00467071541210986	1.99133233005807
-0.00449900270375771	0.00455542634822483	1.99152927214910
-0.00438913535589065	0.00444295128063089	1.99172219813180
-0.00428189828389154	0.00433322289673362	1.99191116690908
-0.00417723062710081	0.00422617543963633	1.99209623779984
-0.00407507286297350	0.00412174467395881	1.99227747044294
-0.00397536677871144	0.00401986785238448	1.99245492470758
-0.00387805544362146	0.00392048368291669	1.99262866060952
-0.00378308318216276	0.00382353229682615	1.99279873823297
-0.00369039554764963	0.00372895521727208	1.99296521765777
-0.00359993929657831	0.00363669532858084	1.99312815889158
-0.00351166236354956	0.00354669684616639	1.99328762180691
-0.00342551383676063	0.00345890528707765	1.99344366608253
-0.00334144393404257	0.00337326744115863	1.99359635114926
-0.00325940397942068	0.00328973134280757	1.99374573613971
-0.00317934638017767	0.00320824624332205	1.99389187984187
-0.00310122460440082	0.00312876258381761	1.99403484065622
-0.00302499315899569	0.00305123196870759	1.99417467655633
-0.00295060756815047	0.00297560713973270	1.99431144505264
-0.00287802435223608	0.00290184195052893	1.99444520315918
-0.00280720100712857	0.00282989134172303	1.99457600736328
-0.00273809598394078	0.00275971131654482	1.99470391359787
-0.00267066866915191	0.00269125891694630	1.99482897721636
-0.00260487936512366	0.00262449220021750	1.99495125296988
-0.00254068927099310	0.00255937021608941	1.99507079498685
-0.00247806046393251	0.00249585298431458	1.99518765675455
-0.00241695588076745	0.00243390147271627	1.99530189110281
-0.00235733929994458	0.00237347757569708	1.99541355018944
-0.00229917532384158	0.00231454409319847	1.99552268548758
-0.00224242936141157	0.00225706471010243	1.99562934777454
-0.00218706761115526	0.00220100397606714	1.99573358712234
-0.00213305704441403	0.00214632728578826	1.99583545288961
-0.00208036538897792	0.00209300085967791	1.99593499371491
-0.00202896111300222	0.00204099172495346	1.99603225751125
-0.00197881340922733	0.00199026769712840	1.99612729146196
-0.00192989217949610	0.00194079736189772	1.99622014201750
-0.00188216801956372	0.00189255005741032	1.99631085489345
-0.00183561220419479	0.00184549585692122	1.99639947506939
-0.00179019667254301	0.00179960555181635	1.99648604678878
-0.00174589401380862	0.00175485063500278	1.99657061355957
-0.00170267745316897	0.00171120328465756	1.99665321815569
-0.00166052083797800	0.00166863634832834	1.99673390261928
-330	15	5
-73.9998435187384	6.75000000000000	3.60646989027692
-38.8959160083418	4.90000391203154	3.01896589652372
-24.4483928805651	3.92760601182299	2.64857547693147
-16.8919112662248	3.31639618980887	2.38852887911225
-12.3946198172987	2.89409840815325	2.19431195046819
-9.48552828650140	2.58423291272078	2.04315315881425
-7.48957525874577	2.34709470555824	1.92195180646005
-6.05830054009319	2.15985532408960	1.82255065965640
-4.99595952907980	2.00839781058727	1.73956851536964
-4.18529899782475	1.88349882236028	1.66929428795529
-3.55243059644994	1.77886634741466	1.60907652366620
-3.04883670476953	1.69005558250341	1.55696523676854
-2.64155233858574	1.61383466488417	1.51149126791331
-2.30752440099951	1.54779585641953	1.47152479385949
-2.03022817369189	1.49010774639454	1.43618148666319
-1.79756209866697	1.43935204205224	1.40475846273783
-1.60049596825247	1.39441298958557	1.37668946723786
-1.43217873942303	1.35440059037926	1.35151283060058
-1.28733531059572	1.31859612189368	1.32884811558936
-1.16184984681647	1.28641273912879	1.30837880659117
-1.05247240621205	1.25736649295837	1.28983928140199
-0.956608798908035	1.23105468280307	1.27300487096529
-0.872167706509827	1.20713946283037	1.25768418056648
-0.797447876901239	1.18533527016763	1.24371309067847
-0.731053808576125	1.16539907324510	1.23095002143849
-0.671831979561248	1.14712272803069	1.21927215900037
-0.618822087131122	1.13032692854166	1.20857242200480
-0.571219388342505	1.11485637636338	1.19875700322646
-0.528345342038333	1.10057589165482	1.18974336234704
-0.489624523493404	1.08736725810386	1.18145857559161
-0.454566324548708	1.07512664501653	1.17383796991423
-0.422750337574797	1.06376248690281	1.16682398576083
-0.393814599100057	1.05319372846344	1.16036522472537
-0.367446070834794	1.04334836348594	1.15441564773983
-0.343372884186847	1.03416221171507	1.14893389657491
-0.321357984417426	1.02557788961040	1.14388271693446
-0.301193892942023	1.01754393999996	1.13922846570702
-0.282698368423808	1.01001409267641	1.13494068828929
-0.265710794565490	1.00294663346582	1.13099175453778
-0.250089158711645	0.996303863601679	1.12735654400069
-0.235707513306806	0.990051634633888	1.12401217275413
-0.222453833948747	0.984158946801218	1.12093775550931
-0.210228204731554	0.978597600952499	1.11811419774025
-0.198941274903911	0.973341895834210	1.11552401346047
-0.188512941409346	0.968368363961613	1.11315116499301
-0.178871220255931	0.963655540426379	1.11098092166482
-0.169951276360753	0.959183759919981	1.10899973483910
-0.161694586893691	0.954934978010962	1.10719512709770
-0.154048217485921	0.950892613338620	1.10555559371619
-0.146964194187256	0.947041407901472	1.10407051484978
-0.140398956921260	0.943367303046790	1.10273007707829
-0.134312882529019	0.939857329123759	1.10152520315134
-0.128669867414877	0.936499507060533	1.10044748893745
-0.123436961391254	0.933282760375161	1.09948914671813
-0.118584045629618	0.930196836340380	1.09864295408396
-0.114083548711668	0.927232235199639	1.09790220778881
-0.109910195680093	0.924380146481848	1.09726068200215
-0.106040785744551	0.921632391589845	1.09671259047182
-0.102453994932386	0.918981371946232	1.09625255217077
-0.0991302005064630	0.916420022072922	1.09587556005475
-0.0960513244218042	0.913941767060260	1.09557695260321
-0.0932006934725309	0.911540483949715	1.09535238785541
-0.0905629141027291	0.909210466612902	1.09519781968749
-0.0881237601286009	0.906946393760334	1.09510947610629
-0.0858700718525860	0.904743299757119	1.09508383936112
-0.0837896652494871	0.902596547960804	1.09511762769726
-0.0818712500753177	0.900501806329567	1.09520777859457
-0.0801043558961352	0.898455025077684	1.09535143335175
-0.0784792651601625	0.896452416180281	1.09554592289176
-0.0769869525451922	0.894490434551277	1.09578875467724
-0.0756190299071464	0.892565760737647	1.09607760063633
-0.0743676962369794	0.890675284989968	1.09641028600952
-0.0732256921035998	0.888816092584044	1.09678477903741
-0.0721862581218037	0.886985450281454	1.09719918141698
-0.0712430970375680	0.885180793828409	1.09765171946150
-0.0703903390696176	0.883399716402469	1.09814073590506
-0.0696225101868795	0.881639957925729	1.09866468229879
-0.0689345030370674	0.879899395171057	1.09922211195053
-0.0683215502728756	0.878176032595130	1.09981167336430
-0.0677792000497318	0.876467993838308	1.10043210414000
-0.0673032934931943	0.874773513837065	1.10108222529721
-0.0668899439553895	0.873090931499735	1.10176093599026
-0.0665355178986640	0.871418682900850	1.10246720858473
-0.0662366172612563	0.869755294953384	1.10320008406779
-0.0659900631745031	0.868099379521853	1.10395866776771
-0.0657928809141531	0.866449627942490	1.10474212535931
-0.0656422859799439	0.864804805919636	1.10554967913467
-0.0655356712079187	0.863163748770138	1.10638060451960
-0.0654705948291472	0.861525356989940	1.10723422681835
-0.0654447693967020	0.859888592119211	1.10810991817029
-0.0654560515100648	0.858252472884293	1.10900709470346
-0.0655024322726977	0.856616071596542	1.10992521387134
-0.0655820284243718	0.854978510789724	1.11086377196006
-0.0656930740951073	0.853338960079115	1.11182230175429
-0.0658339131323285	0.851696633226737	1.11280037035097
-0.0660029919570619	0.850050785398429	1.11379757711083
-0.0661988529088677	0.848400710599502	1.11481355173840
-0.0664201280426270	0.846745739276781	1.11584795248193
-0.0666655333434512	0.845085236075715	1.11690046444517
-0.0669338633287733	0.843418597742129	1.11797079800370
-0.0672239860092798	0.841745251158909	1.11905868731879
-0.0675348381826083	0.840064651508677	1.12016388894254
-0.0678654210358854	0.838376280554112	1.12128618050825
-0.0682147960350618	0.836679645028215	1.12242535950055
-0.0685820810807506	0.834974275127338	1.12358124210006
-0.0689664469118640	0.833259723100320	1.12475366209794
-0.0693671137397809	0.831535561927523	1.12594246987565
-0.0697833480970997	0.829801384084029	1.12714753144591
-0.0702144598862451	0.828056800381601	1.12836872755085
-0.0706597996142860	0.826301438884445	1.12960595281390
-0.0711187558013545	0.824534943894088	1.13085911494173
-0.0715907525509567	0.822756974999054	1.13212813397338
-0.0720752472713452	0.820967206185280	1.13341294157341
-0.0725717285378894	0.819165325003496	1.13471348036635
-0.0730797140871005	0.817351031790049	1.13602970330991
-0.0735987489336335	0.815524038937872	1.13736157310443
-0.0741284036022101	0.813684070214531	1.13870906163638
-0.0746682724669454	0.811830860124476	1.14007214945371
-0.0752179721911053	0.809964153312802	1.14145082527109
-0.0757771402607903	0.808083704008024	1.14284508550317
-0.0763454336064925	0.806189275501504	1.14425493382411
-0.0769225273068714	0.804280639661342	1.14568038075169
-0.0775081133694986	0.802357576478670	1.14712144325450
-0.0781018995836443	0.800419873644433	1.14857814438074
-0.0787036084405387	0.798467326154842	1.15005051290731
-0.0793129761168203	0.796499735943828	1.15153858300782
-0.0799297515171776	0.794516911540908	1.15304239393843
-0.0805536953724547	0.792518667752978	1.15456198974031
-0.0811845793897281	0.790504825368667	1.15609741895766
-0.0818221854510984	0.788475210883924	1.15764873437040
-0.0824663048581460	0.786429656247647	1.15921599274045
-0.0831167376191985	0.784367998626193	1.16079925457078
-0.0837732917767474	0.782290080185713	1.16239858387644
-0.0844357827725137	0.780195747891294	1.16401404796672
-0.0851040328478329	0.778084853321981	1.16564571723777
-0.0857778704771680	0.775957252500786	1.16729366497488
-0.0864571298327129	0.773812805738857	1.16895796716394
-0.0871416502781657	0.771651377493039	1.17063870231131
-0.0878312758898828	0.769472836236085	1.17233595127157
-0.0885258550037399	0.767277054338837	1.17404979708265
-0.0892252397861180	0.765063907963744	1.17578032480775
-0.0899292858275608	0.762833276969091	1.17752762138366
-0.0906378517577141	0.760585044823402	1.17929177547491
-0.0913507988802682	0.758319098529459	1.18107287733340
-0.0920679908266890	0.756035328557452	1.18287101866309
-0.0927892932276270	0.753733628786785	1.18468629248933
-0.0935145734009265	0.751413896456095	1.18651879303251
-0.0942437000552713	0.749076032121071	1.18836861558566
-0.0949765430085304	0.746719939619690	1.19023585639570
-0.0957129729199499	0.744345526044476	1.19212061254796
-0.0964528610353780	0.741952701721478	1.19402298185386
-0.0971960789447856	0.739541380195593	1.19594306274121
-0.0979424983513676	0.737111478221974	1.19788095414715
-0.0986919908515782	0.734662915763189	1.19983675541324
-0.0994444277254939	0.732195615991900	1.20181056618270
-0.100199679736928	0.729709505298763	1.20380248629936
-0.100957616942782	0.727204513305339	1.20581261570827
-0.101718108511135	0.724680572881770	1.20784105435775
-0.102481022547612	0.722137620168991	1.20988790210260
-0.103246225929636	0.719575594605301	1.21195325860842
-0.104013584148138	0.716994438957060	1.21403722325678
-0.104782961156394	0.714394099353357	1.21613989505120
-0.105554219225646	0.711774525324447	1.21826137252357
-0.106327218807203	0.709135669843806	1.22040175364119
-0.107101818400744	0.706477489373626	1.22256113571398
-0.107877874428574	0.703799943913607	1.22473961530197
-0.108655241115586	0.701102997052893	1.22693728812282
-0.109433770374740	0.698386616025003	1.22915424895931
-0.110213311697840	0.695650771765635	1.23139059156669
-0.110993712051476	0.692895438973189	1.23364640857980
-0.111774815777939	0.690120596171902	1.23592179141982
-0.112556464501005	0.687326225777453	1.23821683020066
-0.113338497036457	0.684512314164928	1.24053161363480
-0.114120749307248	0.681678851739017	1.24286622893856
-0.114903054263207	0.678825833006336	1.24522076173675
-0.115685241805239	0.675953256649755	1.24759529596661
-0.116467138713940	0.673061125604624	1.24998991378094
-0.117248568582589	0.670149447136776	1.25240469545041
-0.118029351754486	0.667218232922211	1.25483971926507
-0.118809305264619	0.664267499128349	1.25729506143480
-0.119588242785639	0.661297266496734	1.25977079598893
-0.120365974578156	0.658307560427093	1.26226699467476
-0.121142307445367	0.655298411062639	1.26478372685510
-0.121917044692024	0.652269853376504	1.26732105940471
-0.122689986087799	0.649221927259204	1.26987905660566
-0.123460927835054	0.646154677607009	1.27245778004163
-0.124229662541091	0.643068154411132	1.27505728849101
-0.124995979194922	0.639962412847605	1.27767763781889
-0.125759663148629	0.636837513367732	1.28031888086797
-0.126520496103382	0.633693521789016	1.28298106734823
-0.127278256100194	0.630530509386432	1.28566424372554
-0.128032717515487	0.627348552983927	1.28836845310908
-0.128783651061571	0.624147735046040	1.29109373513765
-0.129530823792125	0.620928143769501	1.29384012586491
-0.130273999112762	0.617689873174698	1.29660765764348
-0.131012936796814	0.614433023196878	1.29939635900799
-0.131747393006406	0.611157699776958	1.30220625455714
-0.132477120318956	0.607864014951798	1.30503736483467
-0.133201867759205	0.604552086943824	1.30788970620946
-0.133921380836883	0.601222040249844	1.31076329075466
-480	15	10
-41.0974545991144	3	6.84957576651907
-20.7933977631732	1.97256363502214	5.78437140603876
-12.5363469103271	1.45272869094281	5.08839414607843
-8.33917460013787	1.13932001818463	4.59005564017072
-5.91723059613711	0.930840653181184	4.21301336982928
-4.39720693882482	0.782909888277756	3.91679093745152
-3.38378843388445	0.672979714807136	3.67754463682646
-2.67640514446147	0.588385003960025	3.48017302947336
-2.16445641618026	0.521474875348488	3.31458442201633
-1.78292615224510	0.467363464943981	3.17374822940875
-1.49160019845177	0.422790311137854	3.05260009119705
-1.26454934901686	0.385500306176560	2.94739037177773
-1.08446517501339	0.353886572451138	2.85527813644952
-0.939449022587616	0.326774943075804	2.77406824912561
-0.821111698963865	0.303288717511113	2.70203556989820
-0.723406827412241	0.282760925037017	2.63780411243211
-0.641891560336853	0.264675754351711	2.58026197336407
-0.573244956509806	0.248628465343289	2.52850018002706
-0.514946467907412	0.234297341430544	2.48176791272378
-0.465056603373707	0.221423679732859	2.43943917364483
-0.422064363528818	0.209797264648516	2.40098760798475
-0.384779247674448	0.199245655560296	2.36596722885726
-0.352253590184318	0.189626174368434	2.33399748276354
-0.323725897063418	0.180819834613826	2.30475155033515
-0.298578955398540	0.172726687187241	2.27794708886107
-0.276308486929024	0.165262213302278	2.25333883895171
-0.256499428496204	0.158354501129052	2.23071266941687
-0.238807797518421	0.151942015416647	2.20988074259121
-0.222946694097461	0.145971820478686	2.19067756044408
-0.208675399524666	0.140398153126250	2.17295670888734
-0.195790815447231	0.135181268138133	2.15658815987140
-0.184120688723610	0.130286497751952	2.14145602234763
-0.173518210328584	0.125683480533862	2.12745665691118
-0.163857680106950	0.121345525275648	2.11449708699088
-0.155031004582777	0.117249083272974	2.10249365330002
-0.146944850529415	0.113373308158404	2.09137086896716
-0.139518318217409	0.109699686895169	2.08106044110380
-0.132681029119476	0.106211728939734	2.07150043110584
-0.126371546147648	0.102894703211747	2.06263453114949
-0.120536062215115	0.0997354145580557	2.05441143844484
-0.115127306486450	0.0967220130026778	2.04678431208949
-0.110103628145483	0.0938438303405166	2.03971030000024
-0.105428225632837	0.0910912396368795	2.03315012553045
-0.101068495648050	0.0884555339960586	2.02706772511077
-0.0969954811931729	0.0859288216048573	2.02142992966232
-0.0931834018695371	0.0835039345750280	2.01620618368927
-0.0896092527635792	0.0811743495282896	2.01136829691075
-0.0862524607508075	0.0789341182092001	2.00689022408067
-0.0830945890462354	0.0767778066904299	2.00274786929844
-0.0801190824402393	0.0747004419642740	1.99891891165939
-0.0773110469621053	0.0726974649032681	1.99538264955031
-0.0746570587726624	0.0707646887292154	1.99211986127881
-0.0721449979516231	0.0688982622598989	1.98911268004808
-0.0697639035532157	0.0670946373111083	1.98634448156188
-0.0675038468858405	0.0653505397222779	1.98379978277587
-0.0653558204519124	0.0636629435501319	1.98146415050831
-0.0633116403819431	0.0620290480388341	1.97932411879117
-0.0613638605275341	0.0604462570292855	1.97736711398626
-0.0595056966536004	0.0589121605160971	1.97558138681414
-0.0577309594006543	0.0574245180997571	1.97395595054976
-0.0560339948813482	0.0559812441147408	1.97248052472975
-0.0544096319381528	0.0545803942427071	1.97114548379554
-0.0528531352263011	0.0532201534442533	1.96994181016470
-0.0513601634022409	0.0518988250635957	1.96886105128222
-0.0499267317963349	0.0506148209785397	1.96789528025524
-0.0485491790323147	0.0493666526836313	1.96703705971965
-0.0472241371274084	0.0481529232078235	1.96627940862637
-0.0459485046680984	0.0469723197796383	1.96561577166963
-0.0447194227087497	0.0458236071629358	1.96503999110964
-0.0435342530852445	0.0447056215952170	1.96454628076879
-0.0423905588743911	0.0436172652680859	1.96412920200374
-0.0412860867631890	0.0425575012962262	1.96378364147652
-0.0402187511208286	0.0415253491271464	1.96350479056577
-0.0391866195912356	0.0405198803491257	1.96328812627575
-0.0381879000456080	0.0395402148593448	1.96312939351453
-0.0372209287532060	0.0385855173582046	1.96302458862597
-0.0362841596450409	0.0376549941393745	1.96296994407106
-0.0353761545594143	0.0367478901482485	1.96296191416432
-0.0344955743707592	0.0358634862842631	1.96299716177997
-0.0336411709141929	0.0350010969249941	1.96307254595058
-0.0328117796277987	0.0341600676521393	1.96318511028795
-0.0320063128431051	0.0333397731614443	1.96333207216264
-0.0312237536616649	0.0325396153403667	1.96351081258396
-0.0304631503622009	0.0317590214988251	1.96371886672780
-0.0297236112885777	0.0309974427397701	1.96395391506393
-0.0290043001739852	0.0302543524575556	1.96421377503891
-0.0283044318612649	0.0295292449532060	1.96449639327436
-0.0276232683833418	0.0288216341566744	1.96479983824366
-0.0269601153713090	0.0281310524470908	1.96512229339351
-0.0263143187609030	0.0274570495628081	1.96546205067917
-0.0256852617709532	0.0267991915937855	1.96581750448514
-0.0250723621299282	0.0261570600495117	1.96618714590499
-0.0244750695289727	0.0255302509962635	1.96656955735624
-0.0238928632818615	0.0249183742580392	1.96696340750821
-0.0233252501741195	0.0243210526759926	1.96736744650226
-0.0227717624851941	0.0237379214216396	1.96778050144544
-0.0222319561690354	0.0231686273595098	1.96820147216030
-0.0217054091797642	0.0226128284552839	1.96862932717432
-0.0211917199303006	0.0220701932257898	1.96906309993432
-0.0206905058729027	0.0215404002275323	1.96950188523163
-0.0202014021915357	0.0210231375807097	1.96994483582529
-0.0197240605968725	0.0205181025259213	1.97039115925125
-0.0192581482155225	0.0200250010109995	1.97084011480634
-0.0188033465658064	0.0195435473056115	1.97129101069667
-0.0183593506130489	0.0190734636414663	1.97174320134083
-0.0179258678979592	0.0186144798761401	1.97219608481871
-0.0175026177322047	0.0181663331786911	1.97264910045767
-0.0170893304557797	0.0177287677353860	1.97310172654815
-0.0166857467512171	0.0173015344739915	1.97355347818123
-0.0162916170101001	0.0168843908052111	1.97400390520151
-0.0159067007477042	0.0164771003799586	1.97445259026856
-0.0155307660619394	0.0160794328612659	1.97489914702119
-0.0151635891330756	0.0156911637097175	1.97534321833862
-0.0148049537610172	0.0153120739813906	1.97578447469343
-0.0144546509371540	0.0149419501373651	1.97622261259119
-0.0141124784480556	0.0145805838639363	1.97665735309209
-0.0137782405084926	0.0142277719027349	1.97708844041022
-0.0134517474214727	0.0138833158900226	1.97751564058624
-0.0131328152631588	0.0135470222044858	1.97793874022965
-0.0128212655907106	0.0132187018229068	1.97835754532690
-0.0125169251712428	0.0128981701831390	1.97877188011190
-0.0122196257302375	0.0125852470538580	1.97918158599571
-0.0119292037178801	0.0122797564106020	1.97958652055212
-0.0116455000919065	0.0119815263176550	1.97998655655655
-0.0113683601156642	0.0116903888153574	1.98038158107518
-0.0110976331701887	0.0114061798124658	1.98077149460190
-0.0108331725791936	0.0111287389832110	1.98115621024059
-0.0105748354459571	0.0108579096687312	1.98153565293036
-0.0103224825011708	0.0105935387825823	1.98190975871162
-0.0100759779608864	0.0103354767200530	1.98227847403078
-0.00983518939376794	0.0100835772710308	1.98264175508183
-0.00959998759691683	0.00983769753618664	1.98299956718262
-0.00937024647959637	0.00959769784626372	1.98335188418440
-0.00914584295423486	0.00936344168427381	1.98369868791267
-0.00892665683413618	0.00913479561041794	1.98403996763796
-0.00871257073737159	0.00891162918956454	1.98437571957486
-0.00850346999636852	0.00869381492113025	1.98470594640805
-0.00829924257275060	0.00848122817122103	1.98503065684376
-0.00809977897701883	0.00827374710690227	1.98534986518562
-0.00790497219269648	0.00807125263247680	1.98566359093343
-0.00771471760459073	0.00787362832765939	1.98597185840391
-0.00752891293085172	0.00768076038754462	1.98627469637214
-0.00734745815853579	0.00749253756427333	1.98657213773281
-0.00717025548240295	0.00730885111030993	1.98686421918017
-0.00699720924670096	0.00712959472324986	1.98715098090574
-0.00682822588970825	0.00695466449208233	1.98743246631304
-0.00666321389082650	0.00678395884483963	1.98770872174818
-0.00650208372003121	0.00661737849756897	1.98797979624588
-0.00634474778950370	0.00645482640456819	1.98824574128979
-0.00619112040728320	0.00629620770983059	1.98850661058666
-0.00604111773279060	0.00614142969964851	1.98876245985348
-0.00589465773408780	0.00599040175632875	1.98901334661702
-0.00575166014674835	0.00584303531297655	1.98925933002509
-0.00561204643422480	0.00569924380930784	1.98950047066898
-0.00547573974960833	0.00555894264845222	1.98973683041644
-0.00534266489868488	0.00542204915471202	1.98996847225475
-0.00521274830419990	0.00528848253224489	1.99019546014319
-0.00508591797125163	0.00515816382463990	1.99041785887471
-0.00496210345373928	0.00503101587535860	1.99063573394601
-0.00484123582179909	0.00490696328901512	1.99084915143580
-0.00472324763016668	0.00478593239347015	1.99105817789078
-0.00460807288740965	0.00466785120271598	1.99126288021889
-0.00449564702597900	0.00455264938053074	1.99146332558947
-0.00438590687303248	0.00444025820488126	1.99165958133996
-0.00427879062198707	0.00433061053305545	1.99185171488885
-0.00417423780476125	0.00422364076750577	1.99203979365447
-0.00407218926467151	0.00411928482238674	1.99222388497938
-0.00397258712995017	0.00401748009076995	1.99240405605995
-0.00387537478785488	0.00391816541252120	1.99258037388105
-0.00378049685934232	0.00382128104282483	1.99275290515536
-0.00368789917428121	0.00372676862134127	1.99292171626715
-0.00359752874718196	0.00363457114198424	1.99308687322035
-0.00350933375342185	0.00354463292330469	1.99324844159051
-0.00342326350594692	0.00345689957946915	1.99340648648062
-0.00333926843243291	0.00337131799182047	1.99356107248043
-0.00325730005288933	0.00328783628100965	1.99371226362914
-0.00317731095769194	0.00320640377968742	1.99386012338132
-0.00309925478603013	0.00312697100574512	1.99400471457572
-0.00302308620475685	0.00304948963609437	1.99414609940700
-0.00294876088762967	0.00297391248097544	1.99428433940008
-0.00287623549493234	0.00290019345878470	1.99441949538699
-0.00280546765346722	0.00282828757141139	1.99455162748613
-0.00273641593690963	0.00275815088007471	1.99468079508371
-0.00266903984651553	0.00268974048165197	1.99480705681726
-0.00260329979217498	0.00262301448548909	1.99493047056120
-0.00253915707380406	0.00255793199068471	1.99505109341417
-0.00247657386306836	0.00249445306383961	1.99516898168814
-0.00241551318543186	0.00243253871726290	1.99528419089916
-0.00235593890252504	0.00237215088762710	1.99539677575958
-0.00229781569482669	0.00231325241506398	1.99550679017177
-0.00224110904465398	0.00225580702269331	1.99561428722317
-0.00218578521945571	0.00219977929657696	1.99571931918256
-0.00213181125540399	0.00214513466609057	1.99582193749754
-0.00207915494127949	0.00209183938470547	1.99592219279307
-0.00202778480264599	0.00203986051117348	1.99602013487109
-0.00197767008630986	0.00198916589110733	1.99611581271102
-0.00192878074506028	0.00193972413894958	1.99620927447124
-0.00188108742268618	0.00189150462032308	1.99630056749129
-0.00183456143926601	0.00184447743475592	1.99638973829490
-0.00178917477672647	0.00179861339877427	1.99647683259374