f	x	y
-65	10	5
-29.4974411058337	5.75000000000000	3.87069979252604
-18.1642545946121	4.24186130964877	3.28596622705714
-12.5534221898692	3.41323557344673	2.90623854675892
-9.27026543977026	2.88198997482320	2.63548709748544
-7.15303718845976	2.51072019787396	2.43131925829731
-5.69571573030743	2.23621319644985	2.27138391208301
-4.64405010466287	2.02494801576398	2.14256791874856
-3.85724361388997	1.85737932249714	2.03659117830154
-3.25155497564173	1.72130020584556	1.94793314632431
-2.77435787276301	1.60867697503081	1.87275462266983
-2.39109388963845	1.51399884583969	1.80829389467266
-2.07823761091243	1.43335620317390	1.75250837705788
-1.81928518168160	1.36389673061401	1.70385177324562
-1.60235892605320	1.30348973496654	1.66113005549205
-1.41872042697503	1.25051102907104	1.62340531065324
-1.26181646329633	1.20370059812444	1.58992973418770
-1.12664906946136	1.16206579613477	1.56009921609082
-1.00934906318820	1.12481391110143	1.53342000877285
-0.906880875462708	1.09130418819740	1.50948434023555
-0.816834205742851	1.06101305240690	1.48795227398456
-0.737274353006137	1.03350847470017	1.46853801377404
-0.666632980156477	1.00843079198801	1.45099942472741
-0.603627235448841	0.985478159878775	1.43512991753255
-0.547199081416269	0.964395382263884	1.42075209290112
-0.496469234909554	0.944965236713598	1.40771271385376
-0.450701813425445	0.927001668108610	1.39587869123465
-0.409276923106754	0.910344397137263	1.38513385062969
-0.371669204597977	0.894854611877283	1.37537630782360
-0.337430895457959	0.880411496751993	1.36651632248189
-0.306178349887293	0.866909414877450	1.35847453082100
-0.277581228956970	0.854255604621182	1.35118048098239
-0.251353771047158	0.842368284080405	1.34457141195395
-0.227247695510478	0.831175081580261	1.33859122978765
-0.205046398134013	0.820611728561713	1.33318964467368
-0.184560175469566	0.810620965036703	1.32832143995512
-0.165622273992040	0.801151618313762	1.32394584998104
-0.148085604598540	0.792157823785520	1.32002602822368
-0.131819996932884	0.783598362831923	1.31652859063535
-0.116709894117824	0.775436097776332	1.31342322202315
-0.102652408667042	0.767637487665469	1.31068233544570
-0.0895556760726592	0.760172171673193	1.30828077641496
-0.0773374548871300	0.753012609335742	1.30619556511574
-0.0659239318345593	0.746133768750928	1.30440567101054
-0.0552486981909530	0.739512855420927	1.30289181513510
-0.0452518698156263	0.733129075668420	1.30163629615570
-0.0358793281388456	0.726963429570936	1.30062283688640
-0.0270820633756950	0.720998529186357	1.29983644848129
-0.0188156044445693	0.715218438521220	1.29926330994390
-0.0110395226767845	0.709608532251994	1.29889066095084
-0.00371699853301144	0.704155370671115	1.29870670628208
0.00318555771220685	0.698846588712568	1.29870053039792
0.00969883891993573	0.693670797230742	1.29886202091022
0.0158509340854178	0.688617494972903	1.29918179987020
0.0216675868165213	0.683676989909251	1.29965116194334
0.0271724239037929	0.678840328772687	1.30026201866675
0.0323871579099044	0.674099233819314	1.30100684809147
0.0373317671333677	0.669446045955261	1.30187864920259
0.0420246558199449	0.664873673489665	1.30287090058827
0.0464827970893806	0.660375545871053	1.30397752289490
0.0507218607020428	0.655945571847505	1.30519284466357
0.0547563274992564	0.651578101562203	1.30651157119186
0.0585995921039386	0.647267892157171	1.30792875610805
0.0622640552574638	0.643010076510629	1.30943977538171
0.0657612069887126	0.638800134778858	1.31104030352665
0.0691017016570765	0.634633868452768	1.31272629178036
0.0722954257788484	0.630507376673432	1.31449394806824
0.0753515594325189	0.626417034580468	1.31633971858225
0.0782786319402926	0.622359473492950	1.31826027082245
0.0810845724382261	0.618331562744974	1.32025247796582
0.0837767558738760	0.614330393017754	1.32231340444171
0.0863620449065281	0.610353261027286	1.32444029260536
0.0888468281295904	0.606397655441786	1.32663055041254
0.0912370549863975	0.602461243916407	1.32888174000792
0.0935382677084642	0.598541861144456	1.33119156714881
0.0957556305683360	0.594637497834681	1.33355787139344
0.0978939567068549	0.590746290533348	1.33597861698993
0.0999577327662862	0.586866512217943	1.33845188440826
0.101951141535833	0.582996563596507	1.34097586246299
0.103878082794085	0.579134965053022	1.34354884097939
0.105742192513609	0.575280349184943	1.34616920395997
0.107546860575770	0.571431453884049	1.34883542321231
0.109295247128747	0.567587115916326	1.35154605240269
0.110990297708288	0.563746264960629	1.35429972150306
0.112634757228870	0.559907918069521	1.35709513160178
0.114231182942339	0.556071174518939	1.35993105005117
0.115781956451694	0.552235211016252	1.36280630592703
0.117289294859305	0.548399277238922	1.36571978577772
0.118755261121348	0.544562691678367	1.36867042964184
0.120181773673558	0.540724837765727	1.37165722731568
0.121570615387415	0.536885160258215	1.37467921485279
0.122923441910491	0.533043161866450	1.37773547127979
0.124241789439886	0.529198400104792	1.38082511551349
0.125527081973343	0.525350484348102	1.38394730346579
0.126780638078712	0.521499073079690	1.38710122532383
0.128003677218965	0.517643871316388	1.39028610299369
0.129197325666750	0.513784628197780	1.39350118769718
0.130362622039622	0.509921134727597	1.39674575771158
0.131500522484515	0.506053221656208	1.40001911624347
0.132611905537643	0.502180757493944	1.40332058942801
0.133697576683897	0.498303646645770	1.40664952444597
0.134758272637888	0.494421827658492	1.41000528775126
0.135794665366988	0.490535271572344	1.41338726340217
0.136807365875166	0.486643980369362	1.41679485149026
0.137796927764910	0.482747985511519	1.42022746666103
0.138763850593216	0.478847346562060	1.42368453672101
0.139708583036404	0.474942149883962	1.42716550132638
0.140631525877390	0.471032507409840	1.43066981074853
0.141533034828031	0.467118555478036	1.43419692471207
0.142413423198229	0.463200453729965	1.43774631130170
0.143272964422574	0.459278384064144	1.44131744593377
0.144111894454574	0.455352549642645	1.44490981038956
0.144930414037724	0.451423173945964	1.44852289190671
0.145728690862042	0.447490499872629	1.45215618232611
0.146506861614036	0.443554788880058	1.45580917729122
0.147265033927514	0.439616320163449	1.45948137549758
0.148003288242093	0.435675389869689	1.46317227798974
0.148721679575790	0.431732310343478	1.46688138750371
0.149420239217589	0.427787409403035	1.47060820785265
0.150098976345467	0.423841029642963	1.47435224335399
0.150757879574970	0.419893527761986	1.47811299829606
0.151396918443015	0.415945273913456	1.48188997644268
0.152016044831312	0.411996651076639	1.48568268057407
0.152615194333404	0.408048054446974	1.48949061206260
0.153194287569083	0.404099890843589	1.49331327048215
0.153753231449595	0.400152578132507	1.49715015324960
0.154291920396829	0.396206544664077	1.50100075529744
0.154810237519414	0.392262228723289	1.50486456877630
0.155308055748387	0.388320077991716	1.50874108278641
0.155785238934926	0.384380549019961	1.51262978313689
0.156241642912384	0.380444106709531	1.51653015213213
0.156677116524688	0.376511223803197	1.52044166838425
0.157091502622978	0.372582380382956	1.52436380665089
0.157484639032181	0.368658063374801	1.52829603769750
0.157856359489043	0.364738766059582	1.53223782818350
0.158206494553016	0.360824987589311	1.53618864057151
0.158534872491202	0.356917232508336	1.54014793305902
0.158841320138468	0.353016010278883	1.54411515953191
0.159125663733666	0.349121834810514	1.54808976953912
0.159387729732826	0.345235223993122	1.55207120828801
0.159627345600001	0.341356699233137	1.55605891665970
0.159844340576409	0.337486784992676	1.56005233124392
0.160038546428354	0.333626008331418	1.56405088439290
0.160209798174356	0.329774898451034	1.56805400429359
0.160357934791790	0.325933986242069	1.57206111505787
0.160482799903293	0.322103803833185	1.57607163683012
0.160584242443079	0.318284884142750	1.58008498591179
0.160662117303258	0.314477760432780	1.58410057490229
0.160716285960167	0.310682965865291	1.58811781285580
0.160746617080692	0.306901033061139	1.59213610545354
0.160752987108453	0.303132493661493	1.59615485519086
0.160735280829735	0.299377877892074	1.60017346157887
0.160693391918936	0.295637714130366	1.60419132135979
0.160627223463328	0.291912528476008	1.60820782873578
0.160536688466845	0.288202844324619	1.61222237561067
0.160421710332596	0.284509181945306	1.61623435184385
0.160282223323781	0.280832058062174	1.62024314551616
0.160118173002672	0.277171985440130	1.62424814320688
0.159929516647275	0.273529472475314	1.62824873028144
0.159716223645327	0.269905022790523	1.63224429118934
0.159478275865220	0.266299134835966	1.63623420977154
0.159215668003500	0.262712301495745	1.64021786957685
0.158928407908535	0.259145009700447	1.64419465418677
0.158616516879996	0.255597740046232	1.64816394754803
0.158280029943784	0.252070966420833	1.65212513431238
0.157918996102062	0.248565155636873	1.65607760018289
0.157533478558055	0.245080767072909	1.66002073226620
0.157123554915327	0.241618252322615	1.66395391943011
0.156689317351241	0.238178054852522	1.66787655266576
0.156230872764374	0.234760609668724	1.67178802545387
0.155748342895654	0.231366342992957	1.67568773413430
0.155241864423055	0.227995671948440	1.67957507827835
0.154711589029703	0.224649004255896	1.68344946106304
0.154157683445298	0.221326737940112	1.68731028964681
0.153580329460802	0.218029261047425	1.69115697554588
0.152979723916390	0.214756951374486	1.69498893501065
0.152356078662698	0.211510176208662	1.69880558940147
0.151709620495474	0.208289292080388	1.70260636556312
0.151040591063767	0.205094644527798	1.70639069619730
0.150349246751864	0.201926567873927	1.71015802023248
0.149635858535219	0.198785385016757	1.71390778319054
0.148900711810692	0.195671407232370	1.71763943754939
0.148144106201456	0.192584933991435	1.72135244310110
0.147366355336994	0.189526252789250	1.72504626730481
0.146567786608664	0.186495638989517	1.72872038563385
0.145748740901356	0.183493355682029	1.73237428191640
0.144909572301841	0.180519653554390	1.73600744866921
0.144050647784438	0.177574770777904	1.73961938742370
0.143172346874686	0.174658932907699	1.74320960904394
0.142275061291798	0.171772352797161	1.74677763403598
0.141359194570634	0.168915230526721	1.75032299284791
0.140425161664091	0.166087753346971	1.75384522616028
0.139473388526755	0.163290095636134	1.75734388516635
0.138504311680762	0.160522418871804	1.76081853184167
0.137518377764830	0.157784871616901	1.76426873920263
0.136516043067475	0.155077589519750	1.76769409155347
0.135497773045451	0.152400695328129	1.77109418472154
0.134464041828481	0.149754298917168	1.77446862628025
0.133415331711387	0.147138497330896	1.77781703575950
0.132352132634751	0.144553374837247	1.78113904484333
0.131274941655244	0.141999002996295	1.78443429755438
-180	10	10
-61.1929000561603	3.25000000000000	7.22251712684721
-36.6807297375128	2.05602846688733	6.02851237301884
-25.0370948753182	1.48480962289214	5.26792952435272
-18.3579927022475	1.14996023167940	4.73067135683887
-14.1035642080466	0.931142839218773	4.32773559612041
-11.2004595602527	0.777815876966486	4.01313454624582
-9.11922722496973	0.664953140953809	3.76022689961718
-7.57036250900106	0.578751825153763	3.55233996038210
-6.38328174915624	0.510988208380436	3.37843276989945
-5.45156098913224	0.456467634870139	3.23086846382187
-4.70572386268328	0.411754295630437	3.10417803919772
-4.09870546354517	0.374489395701400	2.99433194410277
-3.59762538345900	0.343002764677863	2.89828975275787
-3.17890526963484	0.316080629712613	2.81371052666554
-2.82525375110362	0.292821033074198	2.73876023365560
-2.52374043124339	0.272540676571419	2.67198002042253
-2.26452910400321	0.254713104677062	2.61219387543001
-2.04002304941403	0.238926617784026	2.55844250306569
-1.84427526579958	0.224854965198066	2.50993506610735
-1.67257331705981	0.212236525606617	2.46601337200136
-1.52114183487275	0.200859250948423	2.42612489159919
-1.38692588003862	0.190549602380569	2.38980215486280
-1.26743087464489	0.181164301266060	2.35664682205655
-1.16060275734115	0.172584097517246	2.32631723108590
-1.06473716234848	0.164709005069854	2.29851856236510
-0.978409825128659	0.157454618764229	2.27299499775311
-0.900422705599388	0.150749238206080	2.24952341493514
-0.829761883161271	0.144531600694633	2.22790827583113
-0.765564361897150	0.138749078691412	2.20797745204710
-0.707091686329377	0.133356235060178	2.18957879195402
-0.653708810542221	0.128313656350825	2.17257727938083
-0.604867054123773	0.123587003995880	2.15685266774005
-0.560090262805460	0.119146237643328	2.14229749886073
-0.518963500881296	0.114964975472866	2.12881543513320
-0.481123757840530	0.111019964279376	2.11631984837253
-0.446252268046017	0.107290638090112	2.10473262023528
-0.414068130240746	0.103758748629620	2.09398311791121
-0.384322980648580	0.100408054430611	2.08400731577444
-0.356796524834039	0.0972240580782398	2.07474703916797
-0.331292773206045	0.0941937831656916	2.06614931085268
-0.307636855952140	0.0913055841747218	2.05816578413012
-0.285672317383829	0.0885489837828675	2.05075224944104
-0.265258808731190	0.0859145331194364	2.04386820349609
-0.246270113522619	0.0833936913053145	2.03747647182452
-0.228592451712043	0.0809787212628162	2.03154287711780
-0.212123018345883	0.0786625993061143	2.02603594696764
-0.196768720311556	0.0764389364470280	2.02092665560257
-0.182445080975354	0.0743019096958408	2.01618819505852
-0.169075287607102	0.0722462019184648	2.01179577190810
-0.156589360641082	0.0702669490422592	2.00772642624731
-0.144923427224180	0.0683596935930401	2.00395887011860
-0.134019084299883	0.0665203437030967	2.00047334295214
-0.123822838786718	0.0647451368605665	1.99725148194584
-0.114285614324069	0.0630306077792540	1.99427620559174
-0.105362315650346	0.0613735598588649	1.99153160879869
-0.0970114430071782	0.0597710397818647	1.98900286826768
-0.0891947500756367	0.0582203148573158	1.98667615695239
-0.0818769398849222	0.0567188527761979	1.98453856658740
-0.0750253939210763	0.0552643034885586	1.98257803739585
-0.0686099303284693	0.0538544829517789	1.98078329419901
-0.0626025876604643	0.0524873585323818	1.97914378824547
-0.0569774311145950	0.0511610358721289	1.97764964416052
-0.0517103785956561	0.0498737470533809	1.97629161148738
-0.0467790442986624	0.0486238399195039	1.97506102035397
-0.0421625978020752	0.0474097684240065	1.97394974085299
-0.0378416369178813	0.0462300838975332	1.97295014576971
-0.0337980727655300	0.0450834271351896	1.97205507633317
-0.0300150257267733	0.0439685212182502	1.97125781070232
-0.0264767311026803	0.0428841649943406	1.97055203493002
-0.0231684534363534	0.0418292271489410	1.96993181617556
-0.0200764085882676	0.0408026408086779	1.96939157796068
-0.0171876927584802	0.0398033986235465	1.96892607728556
-0.0144902177434387	0.0388305482810382	1.96853038344007
-0.0119726517967123	0.0378831884102779	1.96819985836256
-0.00962436553432511	0.0369604648387740	1.96793013841307
-0.00743538238783703	0.0360615671683556	1.96771711744130
-0.00539633316318877	0.0351857256403696	1.96755693104115
-0.00349841431147846	0.0343322082633053	1.96744594189421
-0.00173334956028937	0.0335003181787520	1.96738072611394
-9.33545915851042e-05	0.0326893912440284	1.96735806051041
0.00142889551479675	0.0318987938119770	1.96737491070310
0.00284029632378413	0.0311279206903401	1.96742842001569
0.00414734179972953	0.0303761932648445	1.96751589909302
0.00535614997601686	0.0296430577716511	1.96763481618547
0.00647248672216794	0.0289279837061887	1.96778278805100
0.00750178777288557	0.0282304623566173	1.96795757142938
0.00844917916732024	0.0275500054512590	1.96815705504696
0.00931949623246720	0.0268861439103204	1.96837925211412
0.0101173012317473	0.0262384266931139	1.96862229328030
0.0108468997883473	0.0256064197327809	1.96888442001480
0.0115123561826103	0.0249897049512396	1.96916397838393
0.0121175076135631	0.0243878793477226	1.96945941319745
0.0126659775064111	0.0238005541548601	1.96976926249953
0.0131611879403919	0.0232273540567877	1.97009215238128
0.0136063712647387	0.0226679164642418	1.97042679209365
0.0140045809644729	0.0221218908420350	1.97077196944133
0.0143587018323532	0.0215889380847008	1.97112654643947
0.0146714594984143	0.0210687299364532	1.97148945521661
0.0149454293641349	0.0205609484519326	1.97185969414831
0.0151830449842834	0.0200652854945051	1.97223632420717
0.0153866059358840	0.0195814422691511	1.97261846551593
0.0155582852104867	0.0191091288872258	1.97300529409122
0.0157001361629612	0.0186480639605987	1.97339603876661
0.0158140990473457	0.0181979742228810	1.97378997828406
0.0159020071678437	0.0177585941756420	1.97418643854398
0.0159655926708493	0.0173296657576798	1.97458479000453
0.0160064920018357	0.0169109380355751	1.97498444522146
0.0160262510491358	0.0165021669138939	1.97538485652043
0.0160263299949337	0.0161031148635407	1.97578551379425
0.0160081078922731	0.0157135506668811	1.97618594241792
0.0159728869854758	0.0153332491783651	1.97658570127485
0.0159218967900885	0.0149619910994813	1.97698438088807
0.0158562979472943	0.0145995627669678	1.97738160165063
0.0157771858666727	0.0142457559532884	1.97777701214961
0.0156855941701699	0.0139003676784627	1.97817028757874
0.0155824979492736	0.0135632000324097	1.97856112823478
0.0154688168465205	0.0132340600070326	1.97894925809309
0.0153454179717336	0.0129127593373294	1.97933442345813
0.0152131186626487	0.0125991143508762	1.97971639168497
0.0150726890989663	0.0122929458250741	1.98009494996790
0.0149248547782466	0.0119940788516053	1.98046990419270
0.0147702988615337	0.0117023427075823	1.98084107784912
0.0146096643960609	0.0114175707329175	1.98120831100050
0.0144435564219343	0.0111396002134757	1.98157145930745
0.0142725439692484	0.0108682722696075	1.98193039310284
0.0140971619516801	0.0106034317496923	1.98228499651544
0.0139179129622367	0.0103449271283480	1.98263516663957
0.0137352689764794	0.0100926104089925	1.98298081274862
0.0135496729682250	0.00984633703046627	1.98332185554992
0.0133615404424283	0.00960596577744659	1.98365822647903
0.0131712608896568	0.00937135869440675	1.98398986703132
0.0129791991663226	0.00914238100289183	1.98431672812907
0.0127856968045892	0.00891890102190029	1.98463876952201
0.0125910732556282	0.00870079009117721	1.98495595921999
0.0123956270697261	0.00848792249724001	1.98526827295574
0.0121996370164967	0.00828017540197114	1.98557569367653
0.0120033631483052	0.00807742877362518	1.98587821106298
0.0118070478098287	0.00787956532010947	1.98617582107391
0.0116109165965037	0.00768647042440814	1.98646852551569
0.0114151792644726	0.00749803208202942	1.98675633163500
0.0112200305944925	0.00731414084036533	1.98703925173369
0.0110256512121421	0.00713468973986120	1.98731730280477
0.0108322083665278	0.00695957425690019	1.98759050618834
0.0106398566695782	0.00678869224831540	1.98785888724647
0.0104487387979098	0.00662194389744824	1.98812247505611
0.0102589861591258	0.00645923166167846	1.98838130211915
0.0100707195243381	0.00630046022135599	1.98863540408860
0.00988404962858303	0.00614553643007065	1.98888481951029
0.00969907774073109	0.00599436926619987	1.98912958957914
0.00951589620440263	0.00584686978567927	1.98936975790931
0.00933458895132855	0.00570295107594475	1.98960537031754
0.00915523198851620	0.00556252821099834	1.98983647461899
0.00897789386051207	0.00542551820755369	1.99006312043495
0.00880263608799137	0.00529183998221965	1.99028535901182
0.00862951358384567	0.00516141430968394	1.99050324305072
0.00845857504786540	0.00503416378186061	1.99071682654732
0.00828986334108173	0.00491001276796834	1.99092616464116
0.00812341584076082	0.00478888737550791	1.99113131347424
0.00795926477700437	0.00467071541210986	1.99133233005807
0.00779743755185747	0.00455542634822483	1.99152927214910
0.00763795704178971	0.00444295128063089	1.99172219813180
0.00748084188435616	0.00433322289673362	1.99191116690908
0.00732610674982759	0.00422617543963633	1.99209623779984
0.00717376259851843	0.00412174467395881	1.99227747044294
0.00702381692452203	0.00401986785238448	1.99245492470758
0.00687627398652202	0.00392048368291669	1.99262866060952
0.00673113502631217	0.00382353229682615	1.99279873823297
0.00658839847563497	0.00372895521727208	1.99296521765777
0.00644806015191035	0.00363669532858084	1.99312815889158
0.00631011344341381	0.00354669684616639	1.99328762180691
0.00617454948440610	0.00345890528707765	1.99344366608253
0.00604135732073630	0.00337326744115863	1.99359635114926
0.00591052406636994	0.00328973134280757	1.99374573613971
0.00578203505130448	0.00320824624332205	1.99389187984187
0.00565587396129752	0.00312876258381761	1.99403484065622
0.00553202296981414	0.00305123196870759	1.99417467655633
0.00541046286258329	0.00297560713973270	1.99431144505264
0.00529117315513439	0.00290184195052893	1.99444520315918
0.00517413220366292	0.00282989134172303	1.99457600736328
0.00505931730956366	0.00275971131654482	1.99470391359787
0.00494670481794435	0.00269125891694630	1.99482897721636
0.00483627021043320	0.00262449220021750	1.99495125296988
0.00472798819256193	0.00255937021608941	1.99507079498685
0.00462183277599992	0.00249585298431458	1.99518765675455
0.00451777735590353	0.00243390147271627	1.99530189110281
0.00441579478363297	0.00237347757569708	1.99541355018944
0.00431585743506568	0.00231454409319847	1.99552268548758
0.00421793727474240	0.00225706471010243	1.99562934777454
0.00412200591604961	0.00220100397606714	1.99573358712234
0.00402803467765622	0.00214632728578826	1.99583545288961
0.00393599463638550	0.00209300085967791	1.99593499371491
0.00384585667671988	0.00204099172495346	1.99603225751125
0.00375759153710664	0.00199026769712840	1.99612729146196
0.00367116985323657	0.00194079736189772	1.99622014201750
0.00358656219845033	0.00189255005741032	1.99631085489345
0.00350373912143631	0.00184549585692122	1.99639947506939
0.00342267118134432	0.00179960555181635	1.99648604678878
0.00334332898047762	0.00175485063500278	1.99657061355957
0.00326568319467002	0.00171120328465756	1.99665321815569
0.00318970460149126	0.00166863634832834	1.99673390261928
-90	15	5
-30.1373570482894	6.75000000000000	3.60646989027692
-17.8691679945818	4.90000391203154	3.01896589652372
-12.1203620691028	3.92760601182299	2.64857547693147
-8.84932052206504	3.31639618980887	2.38852887911225
-6.77693575787276	2.89409840815325	2.19431195046819
-5.36815215148136	2.58423291272078	2.04315315881425
-4.36099804271543	2.34709470555824	1.92195180646005
-3.61303533338308	2.15985532408960	1.82255065965640
-3.04070718656099	2.00839781058727	1.73956851536964
-2.59206866942609	1.88349882236028	1.66929428795529
-2.23330629004608	1.77886634741466	1.60907652366620
-1.94156806513305	1.69005558250341	1.55696523676854
-1.70092032097979	1.61383466488417	1.51149126791331
-1.49995560977855	1.54779585641953	1.47152479385949
-1.33031944781296	1.49010774639454	1.43618148666319
-1.18577137508976	1.43935204205224	1.40475846273783
-1.06156863047005	1.39441298958557	1.37668946723786
-0.954051045747394	1.35440059037926	1.35151283060058
-0.860355054928523	1.31859612189368	1.32884811558936
-0.778212652759599	1.28641273912879	1.30837880659117
-0.705807502779983	1.25736649295837	1.28983928140199
-0.641670267203714	1.23105468280307	1.27300487096529
-0.584601343053488	1.20713946283037	1.25768418056648
-0.533613062918432	1.18533527016763	1.24371309067847
-0.487885926597879	1.16539907324510	1.23095002143849
-0.446735084957056	1.14712272803069	1.21927215900037
-0.409584408905788	1.13032692854166	1.20857242200480
-0.375946235088844	1.11485637636338	1.19875700322646
-0.345405405410255	1.10057589165482	1.18974336234704
-0.317606586560075	1.08736725810386	1.18145857559161
-0.292244118170799	1.07512664501653	1.17383796991423
-0.269053827095917	1.06376248690281	1.16682398576083
-0.247806382709045	1.05319372846344	1.16036522472537
-0.228301869118823	1.04334836348594	1.15441564773983
-0.210365325145312	1.03416221171507	1.14893389657491
-0.193843059027893	1.02557788961040	1.14388271693446
-0.178599587218762	1.01754393999996	1.13922846570702
-0.164515078880030	1.01001409267641	1.13494068828929
-0.151483212448148	1.00294663346582	1.13099175453778
-0.139409369744324	0.996303863601679	1.12735654400069
-0.128209107974819	0.990051634633888	1.12401217275413
-0.117806861599388	0.984158946801218	1.12093775550931
-0.108134835207354	0.978597600952499	1.11811419774025
-0.0991320557962188	0.973341895834210	1.11552401346047
-0.0907435586255223	0.968368363961613	1.11315116499301
-0.0829196854438778	0.963655540426379	1.11098092166482
-0.0756154776082263	0.959183759919981	1.10899973483910
-0.0687901496223835	0.954934978010962	1.10719512709770
-0.0624066310646922	0.950892613338620	1.10555559371619
-0.0564311668669324	0.947041407901472	1.10407051484978
-0.0508329675384396	0.943367303046790	1.10273007707829
-0.0455839022712459	0.939857329123759	1.10152520315134
-0.0406582289697670	0.936499507060533	1.10044748893745
-0.0360323561663305	0.933282760375161	1.09948914671813
-0.0316846325469646	0.930196836340380	1.09864295408396
-0.0275951604485558	0.927232235199639	1.09790220778881
-0.0237456302214396	0.924380146481848	1.09726068200215
-0.0201191727990038	0.921632391589845	1.09671259047182
-0.0167002281928379	0.918981371946232	1.09625255217077
-0.0134744279503585	0.916420022072922	1.09587556005475
-0.0104284898815943	0.913941767060260	1.09557695260321
-0.00755012359092655	0.911540483949715	1.09535238785541
-0.00482794554474308	0.909210466612902	1.09519781968749
-0.00225140257257594	0.906946393760334	1.09510947610629
0.000189297158077917	0.904743299757119	1.09508383936112
0.00250324653067602	0.902596547960804	1.09511762769726
0.00469889596448447	0.900501806329567	1.09520777859457
0.00678410463684442	0.898455025077684	1.09535143335175
0.00876618700599163	0.896452416180281	1.09554592289176
0.0106519551297386	0.894490434551277	1.09578875467724
0.0124477572165103	0.892565760737647	1.09607760063633
0.0141595127941010	0.890675284989968	1.09641028600952
0.0157927448369990	0.888816092584044	1.09678477903741
0.0173526091542824	0.886985450281454	1.09719918141698
0.0188439213061606	0.885180793828409	1.09765171946150
0.0202711812874816	0.883399716402469	1.09814073590506
0.0216385961904857	0.881639957925729	1.09866468229879
0.0229501010361532	0.879899395171057	1.09922211195053
0.0242093779433470	0.878176032595130	1.09981167336430
0.0254198737871585	0.876467993838308	1.10043210414000
0.0265848164821931	0.874773513837065	1.10108222529721
0.0277072300126255	0.873090931499735	1.10176093599026
0.0287899483185727	0.871418682900850	1.10246720858473
0.0298356281374208	0.869755294953384	1.10320008406779
0.0308467608890459	0.868099379521853	1.10395866776771
0.0318256836852422	0.866449627942490	1.10474212535931
0.0327745895359914	0.864804805919636	1.10554967913467
0.0336955368183378	0.863163748770138	1.10638060451960
0.0345904580675083	0.861525356989940	1.10723422681835
0.0354611681444244	0.859888592119211	1.10810991817029
0.0363093718288410	0.858252472884293	1.10900709470346
0.0371366708829253	0.856616071596542	1.10992521387134
0.0379445706261239	0.854978510789724	1.11086377196006
0.0387344860585994	0.853338960079115	1.11182230175429
0.0395077475672929	0.851696633226737	1.11280037035097
0.0402656062457722	0.850050785398429	1.11379757711083
0.0410092388563959	0.848400710599502	1.11481355173840
0.0417397524609511	0.846745739276781	1.11584795248193
0.0424581887437783	0.845085236075715	1.11690046444517
0.0431655280494394	0.843418597742129	1.11797079800370
0.0438626931552100	0.841745251158909	1.11905868731879
0.0445505527970818	0.840064651508677	1.12016388894254
0.0452299249664818	0.838376280554112	1.12128618050825
0.0459015799935789	0.836679645028215	1.12242535950055
0.0465662434318359	0.834974275127338	1.12358124210006
0.0472245987573519	0.833259723100320	1.12475366209794
0.0478772898955060	0.831535561927523	1.12594246987565
0.0485249235865046	0.829801384084029	1.12714753144591
0.0491680716005585	0.828056800381601	1.12836872755085
0.0498072728126433	0.826301438884445	1.12960595281390
0.0504430351460718	0.824534943894088	1.13085911494173
0.0510758373934503	0.822756974999054	1.13212813397338
0.0517061309229701	0.820967206185280	1.13341294157341
0.0523343412774384	0.819165325003496	1.13471348036635
0.0529608696729240	0.817351031790049	1.13602970330991
0.0535860944034223	0.815524038937872	1.13736157310443
0.0542103721574965	0.813684070214531	1.13870906163638
0.0548340392524549	0.811830860124476	1.14007214945371
0.0554574127912357	0.809964153312802	1.14145082527109
0.0560807917468251	0.808083704008024	1.14284508550317
0.0567044579787186	0.806189275501504	1.14425493382411
0.0573286771856221	0.804280639661342	1.14568038075169
0.0579536997983219	0.802357576478670	1.14712144325450
0.0585797618163904	0.800419873644433	1.14857814438074
0.0592070855921536	0.798467326154842	1.15005051290731
0.0598358805651236	0.796499735943828	1.15153858300782
0.0604663439498943	0.794516911540908	1.15304239393843
0.0610986613802997	0.792518667752978	1.15456198974031
0.0617330075124658	0.790504825368667	1.15609741895766
0.0623695465891991	0.788475210883924	1.15764873437040
0.0630084329680258	0.786429656247647	1.15921599274045
0.0636498116150228	0.784367998626193	1.16079925457078
0.0642938185664688	0.782290080185713	1.16239858387644
0.0649405813601993	0.780195747891294	1.16401404796672
0.0655902194384417	0.778084853321981	1.16564571723777
0.0662428445237950	0.775957252500786	1.16729366497488
0.0668985609699075	0.773812805738857	1.16895796716394
0.0675574660883218	0.771651377493039	1.17063870231131
0.0682196504528554	0.769472836236085	1.17233595127157
0.0688851981828045	0.767277054338837	1.17404979708265
0.0695541872061851	0.765063907963744	1.17578032480775
0.0702266895041441	0.762833276969091	1.17752762138366
0.0709027713376034	0.760585044823402	1.17929177547491
0.0715824934571470	0.758319098529459	1.18107287733340
0.0722659112970889	0.756035328557452	1.18287101866309
0.0729530751546030	0.753733628786785	1.18468629248933
0.0736440303547563	0.751413896456095	1.18651879303251
0.0743388174022226	0.749076032121071	1.18836861558566
0.0750374721204130	0.746719939619690	1.19023585639570
0.0757400257787211	0.744345526044476	1.19212061254796
0.0764465052085319	0.741952701721478	1.19402298185386
0.0771569329086121	0.739541380195593	1.19594306274121
0.0778713271404616	0.737111478221974	1.19788095414715
0.0785897020141704	0.734662915763189	1.19983675541324
0.0793120675652994	0.732195615991900	1.20181056618270
0.0800384298232741	0.729709505298763	1.20380248629936
0.0807687908717463	0.727204513305339	1.20581261570827
0.0815031489013609	0.724680572881770	1.20784105435775
0.0822414982553432	0.722137620168991	1.20988790210260
0.0829838294682908	0.719575594605301	1.21195325860842
0.0837301292985415	0.716994438957060	1.21403722325678
0.0844803807544723	0.714394099353357	1.21613989505120
0.0852345631150551	0.711774525324447	1.21826137252357
0.0859926519449907	0.709135669843806	1.22040175364119
0.0867546191047244	0.706477489373626	1.22256113571398
0.0875204327556232	0.703799943913607	1.22473961530197
0.0882900573606020	0.701102997052893	1.22693728812282
0.0890634536804478	0.698386616025003	1.22915424895931
0.0898405787661059	0.695650771765635	1.23139059156669
0.0906213859471647	0.692895438973189	1.23364640857980
0.0914058248167711	0.690120596171902	1.23592179141982
0.0921938412132060	0.687326225777453	1.23821683020066
0.0929853771983320	0.684512314164928	1.24053161363480
0.0937803710331282	0.681678851739017	1.24286622893856
0.0945787571505137	0.678825833006336	1.24522076173675
0.0953804661256581	0.675953256649755	1.24759529596661
0.0961854246439753	0.673061125604624	1.24998991378094
0.0969935554669903	0.670149447136776	1.25240469545041
0.0978047773962620	0.667218232922211	1.25483971926507
0.0986190052355460	0.664267499128349	1.25729506143480
0.0994361497513838	0.661297266496734	1.25977079598893
0.100256117632285	0.658307560427093	1.26226699467476
0.101078811446690	0.655298411062639	1.26478372685510
0.101904129599879	0.652269853376504	1.26732105940471
0.102731966290010	0.649221927259204	1.26987905660566
0.103562211463454	0.646154677607009	1.27245778004163
0.104394750769601	0.643068154411132	1.27505728849101
0.105229465515318	0.639962412847605	1.27767763781889
0.106066232619216	0.636837513367732	1.28031888086797
0.106904924565923	0.633693521789016	1.28298106734823
0.107745409360525	0.630530509386432	1.28566424372554
0.108587550483357	0.627348552983927	1.28836845310908
0.109431206845318	0.624147735046040	1.29109373513765
0.110276232743900	0.620928143769501	1.29384012586491
0.111122477820110	0.617689873174698	1.29660765764348
0.111969787016461	0.614433023196878	1.29939635900799
0.112818000536237	0.611157699776958	1.30220625455714
0.113666953804207	0.607864014951798	1.30503736483467
0.114516477428982	0.604552086943824	1.30788970620946
0.115366397167221	0.601222040249844	1.31076329075466
-230	15	10
-53.7662639478044	3	6.84957576651907
-33.3002504379352	1.97256363502214	5.78437140603876
-23.1070228605220	1.45272869094281	5.08839414607843
-17.1180417749493	1.13932001818463	4.59005564017072
-13.2450990317346	0.930840653181184	4.21301336982928
-10.5741637280468	0.782909888277756	3.91679093745152
-8.64415822308011	0.672979714807136	3.67754463682646
-7.19893987785530	0.588385003960025	3.48017302947336
-6.08577354494365	0.521474875348488	3.31458442201633
-5.20847533421398	0.467363464943981	3.17374822940875
-4.50377687671878	0.422790311137854	3.05260009119705
-3.92854915083475	0.385500306176560	2.94739037177773
-3.45250155669040	0.353886572451138	2.85527813644952
-3.05381414675203	0.326774943075804	2.77406824912561
-2.71642198386252	0.303288717511113	2.70203556989820
-2.42827024159729	0.282760925037017	2.63780411243211
-2.18016068868567	0.264675754351711	2.58026197336407
-1.96496991972310	0.248628465343289	2.52850018002706
-1.77710777117659	0.234297341430544	2.48176791272378
-1.61213473293622	0.221423679732859	2.43943917364483
-1.46648691033700	0.209797264648516	2.40098760798475
-1.33727516185983	0.199245655560296	2.36596722885726
-1.22213629766148	0.189626174368434	2.33399748276354
-1.11912140225955	0.180819834613826	2.30475155033515
-1.02661101617527	0.172726687187241	2.27794708886107
-0.943250009069972	0.165262213302278	2.25333883895171
-0.867897066590968	0.158354501129052	2.23071266941687
-0.799585145152801	0.151942015416647	2.20988074259121
-0.737490244524887	0.145971820478686	2.19067756044408
-0.680906549674900	0.140398153126250	2.17295670888734
-0.629226493857798	0.135181268138133	2.15658815987140
-0.581924656195162	0.130286497751952	2.14145602234763
-0.538544670538877	0.125683480533862	2.12745665691118
-0.498688516625895	0.121345525275648	2.11449708699088
-0.462007709003495	0.117249083272974	2.10249365330002
-0.428196007631058	0.113373308158404	2.09137086896716
-0.396983356118548	0.109699686895169	2.08106044110380
-0.368130816147155	0.106211728939734	2.07150043110584
-0.341426314708223	0.102894703211747	2.06263453114949
-0.316681058009417	0.0997354145580557	2.05441143844484
-0.293726494884266	0.0967220130026778	2.04678431208949
-0.272411735263612	0.0938438303405166	2.03971030000024
-0.252601347186031	0.0910912396368795	2.03315012553045
-0.234173470035058	0.0884555339960586	2.02706772511077
-0.217018193022643	0.0859288216048573	2.02142992966232
-0.201036157020855	0.0835039345750280	2.01620618368927
-0.186137345159698	0.0811743495282896	2.01136829691075
-0.172240033529699	0.0789341182092001	2.00689022408067
-0.159269878141228	0.0767778066904299	2.00274786929844
-0.147159118222474	0.0747004419642740	1.99891891165939
-0.135845879160072	0.0726974649032681	1.99538264955031
-0.125273561038572	0.0707646887292154	1.99211986127881
-0.115390300926339	0.0688982622598989	1.98911268004808
-0.106148498872888	0.0670946373111083	1.98634448156188
-0.0975043990951834	0.0653505397222779	1.98379978277587
-0.0894177190934138	0.0636629435501319	1.98146415050831
-0.0818513204950304	0.0620290480388341	1.97932411879117
-0.0747709163151042	0.0604462570292855	1.97736711398626
-0.0681448100708186	0.0589121605160971	1.97558138681414
-0.0619436628217622	0.0574245180997571	1.97395595054976
-0.0561402847451196	0.0559812441147408	1.97248052472975
-0.0507094483117716	0.0545803942427071	1.97114548379554
-0.0456277205187958	0.0532201534442533	1.96994181016470
-0.0408733119667151	0.0518988250635957	1.96886105128222
-0.0364259408550027	0.0506148209785397	1.96789528025524
-0.0322667102142318	0.0493666526836313	1.96703705971965
-0.0283779969040379	0.0481529232078235	1.96627940862637
-0.0247433510879032	0.0469723197796383	1.96561577166963
-0.0213474050529614	0.0458236071629358	1.96503999110964
-0.0181757903792423	0.0447056215952170	1.96454628076879
-0.0152150625809644	0.0436172652680859	1.96412920200374
-0.0124526324453802	0.0425575012962262	1.96378364147652
-0.00987670338426216	0.0415253491271464	1.96350479056577
-0.00747621419139977	0.0405198803491257	1.96328812627575
-0.00524078666791983	0.0395402148593448	1.96312939351453
-0.00316067763722394	0.0385855173582046	1.96302458862597
-0.00122673492398429	0.0376549941393745	1.96296994407106
0.000569643082081850	0.0367478901482485	1.96296191416432
0.00223654461617073	0.0358634862842631	1.96299716177997
0.00378157878465846	0.0350010969249941	1.96307254595058
0.00521190713847952	0.0341600676521393	1.96318511028795
0.00653427281634755	0.0333397731614443	1.96333207216264
0.00775502747565993	0.0325396153403667	1.96351081258396
0.00888015620682614	0.0317590214988251	1.96371886672780
0.00991530060718793	0.0309974427397701	1.96395391506393
0.0108657801732033	0.0302543524575556	1.96421377503891
0.0117366121540674	0.0295292449532060	1.96449639327436
0.0125325299960481	0.0288216341566744	1.96479983824366
0.0132580004944507	0.0281310524470908	1.96512229339351
0.0139172397590577	0.0274570495628081	1.96546205067917
0.0145142280889781	0.0267991915937855	1.96581750448514
0.0150527238439615	0.0261570600495117	1.96618714590499
0.0155362763912543	0.0255302509962635	1.96656955735624
0.0159682381999486	0.0249183742580392	1.96696340750821
0.0163517761482899	0.0243210526759926	1.96736744650226
0.0166898821036630	0.0237379214216396	1.96778050144544
0.0169853828297151	0.0231686273595098	1.96820147216030
0.0172409492703878	0.0226128284552839	1.96862932717432
0.0174591052563575	0.0220701932257898	1.96906309993432
0.0176422356755483	0.0215404002275323	1.96950188523163
0.0177925941458876	0.0210231375807097	1.96994483582529
0.0179123102253298	0.0205181025259213	1.97039115925125
0.0180033961913053	0.0200250010109995	1.97084011480634
0.0180677534191607	0.0195435473056115	1.97129101069667
0.0181071783867899	0.0190734636414663	1.97174320134083
0.0181233683305151	0.0186144798761401	1.97219608481871
0.0181179265753197	0.0181663331786911	1.97264910045767
0.0180923675607527	0.0177287677353860	1.97310172654815
0.0180481215822041	0.0173015344739915	1.97355347818123
0.0179865392657717	0.0168843908052111	1.97400390520151
0.0179088957935605	0.0164771003799586	1.97445259026856
0.0178163948950552	0.0160794328612659	1.97489914702119
0.0177101726190361	0.0156911637097175	1.97534321833862
0.0175913008994844	0.0153120739813906	1.97578447469343
0.0174607909279687	0.0149419501373651	1.97622261259119
0.0173195963441231	0.0145805838639363	1.97665735309209
0.0171686162550273	0.0142277719027349	1.97708844041022
0.0170086980935493	0.0138833158900226	1.97751564058624
0.0168406403250447	0.0135470222044858	1.97793874022965
0.0166651950111580	0.0132187018229068	1.97835754532690
0.0164830702389152	0.0128981701831390	1.97877188011190
0.0162949324227317	0.0125852470538580	1.97918158599571
0.0161014084865028	0.0122797564106020	1.97958652055212
0.0159030879324491	0.0119815263176550	1.97998655655655
0.0157005248029889	0.0116903888153574	1.98038158107518
0.0154942395415167	0.0114061798124658	1.98077149460190
0.0152847207575846	0.0111287389832110	1.98115621024059
0.0150724269016744	0.0108579096687312	1.98153565293036
0.0148577878544049	0.0105935387825823	1.98190975871162
0.0146412064347516	0.0103354767200530	1.98227847403078
0.0144230598315667	0.0100835772710308	1.98264175508183
0.0142037009624514	0.00983769753618664	1.98299956718262
0.0139834597637769	0.00959769784626372	1.98335188418440
0.0137626444154528	0.00936344168427381	1.98369868791267
0.0135415425038192	0.00913479561041794	1.98403996763796
0.0133204221258501	0.00891162918956454	1.98437571957486
0.0130995329376962	0.00869381492113025	1.98470594640805
0.0128791071503884	0.00848122817122103	1.98503065684376
0.0126593604754124	0.00827374710690227	1.98534986518562
0.0124404930226745	0.00807125263247680	1.98566359093343
0.0122226901532763	0.00787362832765939	1.98597185840391
0.0120061232893645	0.00768076038754462	1.98627469637214
0.0117909506832068	0.00749253756427333	1.98657213773281
0.0115773181475309	0.00730885111030993	1.98686421918017
0.0113653597490608	0.00712959472324986	1.98715098090574
0.0111551984670712	0.00695466449208233	1.98743246631304
0.0109469468187036	0.00678395884483963	1.98770872174818
0.0107407074526744	0.00661737849756897	1.98797979624588
0.0105365737129492	0.00645482640456819	1.98824574128979
0.0103346301738494	0.00629620770983059	1.98850661058666
0.0101349531480022	0.00614142969964851	1.98876245985348
0.00993761116846992	0.00599040175632875	1.98901334661702
0.00974266544631153	0.00584303531297655	1.98925933002509
0.00955017030480088	0.00569924380930784	1.98950047066898
0.00936017359141550	0.00555894264845222	1.98973683041644
0.00917271706871103	0.00542204915471202	1.98996847225475
0.00898783678509041	0.00528848253224489	1.99019546014319
0.00880556342646210	0.00515816382463990	1.99041785887471
0.00862592264971651	0.00503101587535860	1.99063573394601
0.00844893539890146	0.00490696328901512	1.99084915143580
0.00827461820495712	0.00478593239347015	1.99105817789078
0.00810298346979099	0.00466785120271598	1.99126288021889
0.00793403973547502	0.00455264938053074	1.99146332558947
0.00776779193928467	0.00444025820488126	1.99165958133996
0.00760424165526974	0.00433061053305545	1.99185171488885
0.00744338732301886	0.00422364076750577	1.99203979365447
0.00728522446424273	0.00411928482238674	1.99222388497938
0.00712974588777193	0.00401748009076995	1.99240405605995
0.00697694188354037	0.00391816541252120	1.99258037388105
0.00682680040609140	0.00382128104282483	1.99275290515536
0.00667930724812349	0.00372676862134127	1.99292171626715
0.00653444620456423	0.00363457114198424	1.99308687322035
0.00639219922764456	0.00354463292330469	1.99324844159051
0.00625254657341134	0.00345689957946915	1.99340648648062
0.00611546694010112	0.00337131799182047	1.99356107248043
0.00598093759878760	0.00328783628100965	1.99371226362914
0.00584893451668167	0.00320640377968742	1.99386012338132
0.00571943247343931	0.00312697100574512	1.99400471457572
0.00559240517084714	0.00304948963609437	1.99414609940700
0.00546782533620061	0.00297391248097544	1.99428433940008
0.00534566481969234	0.00290019345878470	1.99441949538699
0.00522589468612544	0.00282828757141139	1.99455162748613
0.00510848530121555	0.00275815088007471	1.99468079508371
0.00499340641277923	0.00268974048165197	1.99480705681726
0.00488062722704896	0.00262301448548909	1.99493047056120
0.00477011648037262	0.00255793199068471	1.99505109341417
0.00466184250653123	0.00249445306383961	1.99516898168814
0.00455577329989731	0.00243253871726290	1.99528419089916
0.00445187657465240	0.00237215088762710	1.99539677575958
0.00435011982025779	0.00231325241506398	1.99550679017177
0.00425047035338899	0.00225580702269331	1.99561428722317
0.00415289536649333	0.00219977929657696	1.99571931918256
0.00405736197317497	0.00214513466609057	1.99582193749754
0.00396383725055127	0.00209183938470547	1.99592219279307
0.00387228827875408	0.00203986051117348	1.99602013487109
0.00378268217771449	0.00198916589110733	1.99611581271102
0.00369498614139285	0.00193972413894958	1.99620927447124
0.00360916746957241	0.00189150462032308	1.99630056749129
0.00352519359735792	0.00184447743475592	1.99638973829490
0.00344303212250319	0.00179861339877427	1.99647683259374